 s_store_name1 |   s_store_id1    | d_week_seq1 |        ?column?        |        ?column?        |        ?column?        |        ?column?        |        ?column?        |        ?column?        |        ?column?        
---------------+------------------+-------------+------------------------+------------------------+------------------------+------------------------+------------------------+------------------------+------------------------
 able          | AAAAAAAACAAAAAAA |        5197 | 1.40369707871090357730 | 0.93404428221856003341 |     1.3007467006841641 | 0.66560592271568441597 | 1.06369744156049034437 |     1.1506548649443120 | 0.59076230950178631561
 able          | AAAAAAAACAAAAAAA |        5197 | 1.40369707871090357730 | 0.93404428221856003341 |     1.3007467006841641 | 0.66560592271568441597 | 1.06369744156049034437 |     1.1506548649443120 | 0.59076230950178631561
 able          | AAAAAAAACAAAAAAA |        5197 | 1.40369707871090357730 | 0.93404428221856003341 |     1.3007467006841641 | 0.66560592271568441597 | 1.06369744156049034437 |     1.1506548649443120 | 0.59076230950178631561
 able          | AAAAAAAACAAAAAAA |        5197 | 1.40369707871090357730 | 0.93404428221856003341 |     1.3007467006841641 | 0.66560592271568441597 | 1.06369744156049034437 |     1.1506548649443120 | 0.59076230950178631561
 able          | AAAAAAAACAAAAAAA |        5197 | 1.40369707871090357730 | 0.93404428221856003341 |     1.3007467006841641 | 0.66560592271568441597 | 1.06369744156049034437 |     1.1506548649443120 | 0.59076230950178631561
 able          | AAAAAAAACAAAAAAA |        5197 | 1.40369707871090357730 | 0.93404428221856003341 |     1.3007467006841641 | 0.66560592271568441597 | 1.06369744156049034437 |     1.1506548649443120 | 0.59076230950178631561
 able          | AAAAAAAACAAAAAAA |        5197 | 1.40369707871090357730 | 0.93404428221856003341 |     1.3007467006841641 | 0.66560592271568441597 | 1.06369744156049034437 |     1.1506548649443120 | 0.59076230950178631561
 able          | AAAAAAAACAAAAAAA |        5197 | 1.40369707871090357730 | 0.93404428221856003341 |     1.3007467006841641 | 0.66560592271568441597 | 1.06369744156049034437 |     1.1506548649443120 | 0.59076230950178631561
 able          | AAAAAAAACAAAAAAA |        5197 | 1.40369707871090357730 | 0.93404428221856003341 |     1.3007467006841641 | 0.66560592271568441597 | 1.06369744156049034437 |     1.1506548649443120 | 0.59076230950178631561
 able          | AAAAAAAACAAAAAAA |        5197 | 1.40369707871090357730 | 0.93404428221856003341 |     1.3007467006841641 | 0.66560592271568441597 | 1.06369744156049034437 |     1.1506548649443120 | 0.59076230950178631561
 able          | AAAAAAAACAAAAAAA |        5197 | 1.40369707871090357730 | 0.93404428221856003341 |     1.3007467006841641 | 0.66560592271568441597 | 1.06369744156049034437 |     1.1506548649443120 | 0.59076230950178631561
 able          | AAAAAAAACAAAAAAA |        5197 | 1.40369707871090357730 | 0.93404428221856003341 |     1.3007467006841641 | 0.66560592271568441597 | 1.06369744156049034437 |     1.1506548649443120 | 0.59076230950178631561
 able          | AAAAAAAACAAAAAAA |        5197 | 1.40369707871090357730 | 0.93404428221856003341 |     1.3007467006841641 | 0.66560592271568441597 | 1.06369744156049034437 |     1.1506548649443120 | 0.59076230950178631561
 able          | AAAAAAAACAAAAAAA |        5197 | 1.40369707871090357730 | 0.93404428221856003341 |     1.3007467006841641 | 0.66560592271568441597 | 1.06369744156049034437 |     1.1506548649443120 | 0.59076230950178631561
 able          | AAAAAAAACAAAAAAA |        5197 | 1.40369707871090357730 | 0.93404428221856003341 |     1.3007467006841641 | 0.66560592271568441597 | 1.06369744156049034437 |     1.1506548649443120 | 0.59076230950178631561
 able          | AAAAAAAACAAAAAAA |        5197 | 1.40369707871090357730 | 0.93404428221856003341 |     1.3007467006841641 | 0.66560592271568441597 | 1.06369744156049034437 |     1.1506548649443120 | 0.59076230950178631561
 able          | AAAAAAAACAAAAAAA |        5197 | 1.40369707871090357730 | 0.93404428221856003341 |     1.3007467006841641 | 0.66560592271568441597 | 1.06369744156049034437 |     1.1506548649443120 | 0.59076230950178631561
 able          | AAAAAAAACAAAAAAA |        5197 | 1.40369707871090357730 | 0.93404428221856003341 |     1.3007467006841641 | 0.66560592271568441597 | 1.06369744156049034437 |     1.1506548649443120 | 0.59076230950178631561
 able          | AAAAAAAACAAAAAAA |        5197 | 1.40369707871090357730 | 0.93404428221856003341 |     1.3007467006841641 | 0.66560592271568441597 | 1.06369744156049034437 |     1.1506548649443120 | 0.59076230950178631561
 able          | AAAAAAAACAAAAAAA |        5197 | 1.40369707871090357730 | 0.93404428221856003341 |     1.3007467006841641 | 0.66560592271568441597 | 1.06369744156049034437 |     1.1506548649443120 | 0.59076230950178631561
 able          | AAAAAAAACAAAAAAA |        5197 | 1.40369707871090357730 | 0.93404428221856003341 |     1.3007467006841641 | 0.66560592271568441597 | 1.06369744156049034437 |     1.1506548649443120 | 0.59076230950178631561
 able          | AAAAAAAACAAAAAAA |        5197 | 1.40369707871090357730 | 0.93404428221856003341 |     1.3007467006841641 | 0.66560592271568441597 | 1.06369744156049034437 |     1.1506548649443120 | 0.59076230950178631561
 able          | AAAAAAAACAAAAAAA |        5197 | 1.40369707871090357730 | 0.93404428221856003341 |     1.3007467006841641 | 0.66560592271568441597 | 1.06369744156049034437 |     1.1506548649443120 | 0.59076230950178631561
 able          | AAAAAAAACAAAAAAA |        5197 | 1.40369707871090357730 | 0.93404428221856003341 |     1.3007467006841641 | 0.66560592271568441597 | 1.06369744156049034437 |     1.1506548649443120 | 0.59076230950178631561
 able          | AAAAAAAACAAAAAAA |        5197 | 1.40369707871090357730 | 0.93404428221856003341 |     1.3007467006841641 | 0.66560592271568441597 | 1.06369744156049034437 |     1.1506548649443120 | 0.59076230950178631561
 able          | AAAAAAAACAAAAAAA |        5197 | 1.40369707871090357730 | 0.93404428221856003341 |     1.3007467006841641 | 0.66560592271568441597 | 1.06369744156049034437 |     1.1506548649443120 | 0.59076230950178631561
 able          | AAAAAAAACAAAAAAA |        5197 | 1.40369707871090357730 | 0.93404428221856003341 |     1.3007467006841641 | 0.66560592271568441597 | 1.06369744156049034437 |     1.1506548649443120 | 0.59076230950178631561
 able          | AAAAAAAACAAAAAAA |        5197 | 1.40369707871090357730 | 0.93404428221856003341 |     1.3007467006841641 | 0.66560592271568441597 | 1.06369744156049034437 |     1.1506548649443120 | 0.59076230950178631561
 able          | AAAAAAAACAAAAAAA |        5197 | 1.40369707871090357730 | 0.93404428221856003341 |     1.3007467006841641 | 0.66560592271568441597 | 1.06369744156049034437 |     1.1506548649443120 | 0.59076230950178631561
 able          | AAAAAAAACAAAAAAA |        5197 | 1.40369707871090357730 | 0.93404428221856003341 |     1.3007467006841641 | 0.66560592271568441597 | 1.06369744156049034437 |     1.1506548649443120 | 0.59076230950178631561
 able          | AAAAAAAACAAAAAAA |        5197 | 1.40369707871090357730 | 0.93404428221856003341 |     1.3007467006841641 | 0.66560592271568441597 | 1.06369744156049034437 |     1.1506548649443120 | 0.59076230950178631561
 able          | AAAAAAAACAAAAAAA |        5197 | 1.40369707871090357730 | 0.93404428221856003341 |     1.3007467006841641 | 0.66560592271568441597 | 1.06369744156049034437 |     1.1506548649443120 | 0.59076230950178631561
 able          | AAAAAAAACAAAAAAA |        5197 | 1.40369707871090357730 | 0.93404428221856003341 |     1.3007467006841641 | 0.66560592271568441597 | 1.06369744156049034437 |     1.1506548649443120 | 0.59076230950178631561
 able          | AAAAAAAACAAAAAAA |        5197 | 1.40369707871090357730 | 0.93404428221856003341 |     1.3007467006841641 | 0.66560592271568441597 | 1.06369744156049034437 |     1.1506548649443120 | 0.59076230950178631561
 able          | AAAAAAAACAAAAAAA |        5197 | 1.40369707871090357730 | 0.93404428221856003341 |     1.3007467006841641 | 0.66560592271568441597 | 1.06369744156049034437 |     1.1506548649443120 | 0.59076230950178631561
 able          | AAAAAAAACAAAAAAA |        5197 | 1.40369707871090357730 | 0.93404428221856003341 |     1.3007467006841641 | 0.66560592271568441597 | 1.06369744156049034437 |     1.1506548649443120 | 0.59076230950178631561
 able          | AAAAAAAACAAAAAAA |        5197 | 1.40369707871090357730 | 0.93404428221856003341 |     1.3007467006841641 | 0.66560592271568441597 | 1.06369744156049034437 |     1.1506548649443120 | 0.59076230950178631561
 able          | AAAAAAAACAAAAAAA |        5197 | 1.40369707871090357730 | 0.93404428221856003341 |     1.3007467006841641 | 0.66560592271568441597 | 1.06369744156049034437 |     1.1506548649443120 | 0.59076230950178631561
 able          | AAAAAAAACAAAAAAA |        5197 | 1.40369707871090357730 | 0.93404428221856003341 |     1.3007467006841641 | 0.66560592271568441597 | 1.06369744156049034437 |     1.1506548649443120 | 0.59076230950178631561
 able          | AAAAAAAACAAAAAAA |        5197 | 1.40369707871090357730 | 0.93404428221856003341 |     1.3007467006841641 | 0.66560592271568441597 | 1.06369744156049034437 |     1.1506548649443120 | 0.59076230950178631561
 able          | AAAAAAAACAAAAAAA |        5197 | 1.40369707871090357730 | 0.93404428221856003341 |     1.3007467006841641 | 0.66560592271568441597 | 1.06369744156049034437 |     1.1506548649443120 | 0.59076230950178631561
 able          | AAAAAAAACAAAAAAA |        5197 | 1.40369707871090357730 | 0.93404428221856003341 |     1.3007467006841641 | 0.66560592271568441597 | 1.06369744156049034437 |     1.1506548649443120 | 0.59076230950178631561
 able          | AAAAAAAACAAAAAAA |        5197 | 1.40369707871090357730 | 0.93404428221856003341 |     1.3007467006841641 | 0.66560592271568441597 | 1.06369744156049034437 |     1.1506548649443120 | 0.59076230950178631561
 able          | AAAAAAAACAAAAAAA |        5197 | 1.40369707871090357730 | 0.93404428221856003341 |     1.3007467006841641 | 0.66560592271568441597 | 1.06369744156049034437 |     1.1506548649443120 | 0.59076230950178631561
 able          | AAAAAAAACAAAAAAA |        5197 | 1.40369707871090357730 | 0.93404428221856003341 |     1.3007467006841641 | 0.66560592271568441597 | 1.06369744156049034437 |     1.1506548649443120 | 0.59076230950178631561
 able          | AAAAAAAACAAAAAAA |        5197 | 1.40369707871090357730 | 0.93404428221856003341 |     1.3007467006841641 | 0.66560592271568441597 | 1.06369744156049034437 |     1.1506548649443120 | 0.59076230950178631561
 able          | AAAAAAAACAAAAAAA |        5197 | 1.40369707871090357730 | 0.93404428221856003341 |     1.3007467006841641 | 0.66560592271568441597 | 1.06369744156049034437 |     1.1506548649443120 | 0.59076230950178631561
 able          | AAAAAAAACAAAAAAA |        5197 | 1.40369707871090357730 | 0.93404428221856003341 |     1.3007467006841641 | 0.66560592271568441597 | 1.06369744156049034437 |     1.1506548649443120 | 0.59076230950178631561
 able          | AAAAAAAACAAAAAAA |        5197 | 1.40369707871090357730 | 0.93404428221856003341 |     1.3007467006841641 | 0.66560592271568441597 | 1.06369744156049034437 |     1.1506548649443120 | 0.59076230950178631561
 able          | AAAAAAAACAAAAAAA |        5198 | 0.98316965956432434702 |     1.3657704952744153 | 1.10622755195095507177 | 0.79359160605186335562 |     1.2503854502950017 | 1.13000729779484824730 |     1.7921745016217955
 able          | AAAAAAAACAAAAAAA |        5198 | 0.98316965956432434702 |     1.3657704952744153 | 1.10622755195095507177 | 0.79359160605186335562 |     1.2503854502950017 | 1.13000729779484824730 |     1.7921745016217955
 able          | AAAAAAAACAAAAAAA |        5198 | 0.98316965956432434702 |     1.3657704952744153 | 1.10622755195095507177 | 0.79359160605186335562 |     1.2503854502950017 | 1.13000729779484824730 |     1.7921745016217955
 able          | AAAAAAAACAAAAAAA |        5198 | 0.98316965956432434702 |     1.3657704952744153 | 1.10622755195095507177 | 0.79359160605186335562 |     1.2503854502950017 | 1.13000729779484824730 |     1.7921745016217955
 able          | AAAAAAAACAAAAAAA |        5198 | 0.98316965956432434702 |     1.3657704952744153 | 1.10622755195095507177 | 0.79359160605186335562 |     1.2503854502950017 | 1.13000729779484824730 |     1.7921745016217955
 able          | AAAAAAAACAAAAAAA |        5198 | 0.98316965956432434702 |     1.3657704952744153 | 1.10622755195095507177 | 0.79359160605186335562 |     1.2503854502950017 | 1.13000729779484824730 |     1.7921745016217955
 able          | AAAAAAAACAAAAAAA |        5198 | 0.98316965956432434702 |     1.3657704952744153 | 1.10622755195095507177 | 0.79359160605186335562 |     1.2503854502950017 | 1.13000729779484824730 |     1.7921745016217955
 able          | AAAAAAAACAAAAAAA |        5198 | 0.98316965956432434702 |     1.3657704952744153 | 1.10622755195095507177 | 0.79359160605186335562 |     1.2503854502950017 | 1.13000729779484824730 |     1.7921745016217955
 able          | AAAAAAAACAAAAAAA |        5198 | 0.98316965956432434702 |     1.3657704952744153 | 1.10622755195095507177 | 0.79359160605186335562 |     1.2503854502950017 | 1.13000729779484824730 |     1.7921745016217955
 able          | AAAAAAAACAAAAAAA |        5198 | 0.98316965956432434702 |     1.3657704952744153 | 1.10622755195095507177 | 0.79359160605186335562 |     1.2503854502950017 | 1.13000729779484824730 |     1.7921745016217955
 able          | AAAAAAAACAAAAAAA |        5198 | 0.98316965956432434702 |     1.3657704952744153 | 1.10622755195095507177 | 0.79359160605186335562 |     1.2503854502950017 | 1.13000729779484824730 |     1.7921745016217955
 able          | AAAAAAAACAAAAAAA |        5198 | 0.98316965956432434702 |     1.3657704952744153 | 1.10622755195095507177 | 0.79359160605186335562 |     1.2503854502950017 | 1.13000729779484824730 |     1.7921745016217955
 able          | AAAAAAAACAAAAAAA |        5198 | 0.98316965956432434702 |     1.3657704952744153 | 1.10622755195095507177 | 0.79359160605186335562 |     1.2503854502950017 | 1.13000729779484824730 |     1.7921745016217955
 able          | AAAAAAAACAAAAAAA |        5198 | 0.98316965956432434702 |     1.3657704952744153 | 1.10622755195095507177 | 0.79359160605186335562 |     1.2503854502950017 | 1.13000729779484824730 |     1.7921745016217955
 able          | AAAAAAAACAAAAAAA |        5198 | 0.98316965956432434702 |     1.3657704952744153 | 1.10622755195095507177 | 0.79359160605186335562 |     1.2503854502950017 | 1.13000729779484824730 |     1.7921745016217955
 able          | AAAAAAAACAAAAAAA |        5198 | 0.98316965956432434702 |     1.3657704952744153 | 1.10622755195095507177 | 0.79359160605186335562 |     1.2503854502950017 | 1.13000729779484824730 |     1.7921745016217955
 able          | AAAAAAAACAAAAAAA |        5198 | 0.98316965956432434702 |     1.3657704952744153 | 1.10622755195095507177 | 0.79359160605186335562 |     1.2503854502950017 | 1.13000729779484824730 |     1.7921745016217955
 able          | AAAAAAAACAAAAAAA |        5198 | 0.98316965956432434702 |     1.3657704952744153 | 1.10622755195095507177 | 0.79359160605186335562 |     1.2503854502950017 | 1.13000729779484824730 |     1.7921745016217955
 able          | AAAAAAAACAAAAAAA |        5198 | 0.98316965956432434702 |     1.3657704952744153 | 1.10622755195095507177 | 0.79359160605186335562 |     1.2503854502950017 | 1.13000729779484824730 |     1.7921745016217955
 able          | AAAAAAAACAAAAAAA |        5198 | 0.98316965956432434702 |     1.3657704952744153 | 1.10622755195095507177 | 0.79359160605186335562 |     1.2503854502950017 | 1.13000729779484824730 |     1.7921745016217955
 able          | AAAAAAAACAAAAAAA |        5198 | 0.98316965956432434702 |     1.3657704952744153 | 1.10622755195095507177 | 0.79359160605186335562 |     1.2503854502950017 | 1.13000729779484824730 |     1.7921745016217955
 able          | AAAAAAAACAAAAAAA |        5198 | 0.98316965956432434702 |     1.3657704952744153 | 1.10622755195095507177 | 0.79359160605186335562 |     1.2503854502950017 | 1.13000729779484824730 |     1.7921745016217955
 able          | AAAAAAAACAAAAAAA |        5198 | 0.98316965956432434702 |     1.3657704952744153 | 1.10622755195095507177 | 0.79359160605186335562 |     1.2503854502950017 | 1.13000729779484824730 |     1.7921745016217955
 able          | AAAAAAAACAAAAAAA |        5198 | 0.98316965956432434702 |     1.3657704952744153 | 1.10622755195095507177 | 0.79359160605186335562 |     1.2503854502950017 | 1.13000729779484824730 |     1.7921745016217955
 able          | AAAAAAAACAAAAAAA |        5198 | 0.98316965956432434702 |     1.3657704952744153 | 1.10622755195095507177 | 0.79359160605186335562 |     1.2503854502950017 | 1.13000729779484824730 |     1.7921745016217955
 able          | AAAAAAAACAAAAAAA |        5198 | 0.98316965956432434702 |     1.3657704952744153 | 1.10622755195095507177 | 0.79359160605186335562 |     1.2503854502950017 | 1.13000729779484824730 |     1.7921745016217955
 able          | AAAAAAAACAAAAAAA |        5198 | 0.98316965956432434702 |     1.3657704952744153 | 1.10622755195095507177 | 0.79359160605186335562 |     1.2503854502950017 | 1.13000729779484824730 |     1.7921745016217955
 able          | AAAAAAAACAAAAAAA |        5198 | 0.98316965956432434702 |     1.3657704952744153 | 1.10622755195095507177 | 0.79359160605186335562 |     1.2503854502950017 | 1.13000729779484824730 |     1.7921745016217955
 able          | AAAAAAAACAAAAAAA |        5198 | 0.98316965956432434702 |     1.3657704952744153 | 1.10622755195095507177 | 0.79359160605186335562 |     1.2503854502950017 | 1.13000729779484824730 |     1.7921745016217955
 able          | AAAAAAAACAAAAAAA |        5198 | 0.98316965956432434702 |     1.3657704952744153 | 1.10622755195095507177 | 0.79359160605186335562 |     1.2503854502950017 | 1.13000729779484824730 |     1.7921745016217955
 able          | AAAAAAAACAAAAAAA |        5198 | 0.98316965956432434702 |     1.3657704952744153 | 1.10622755195095507177 | 0.79359160605186335562 |     1.2503854502950017 | 1.13000729779484824730 |     1.7921745016217955
 able          | AAAAAAAACAAAAAAA |        5198 | 0.98316965956432434702 |     1.3657704952744153 | 1.10622755195095507177 | 0.79359160605186335562 |     1.2503854502950017 | 1.13000729779484824730 |     1.7921745016217955
 able          | AAAAAAAACAAAAAAA |        5198 | 0.98316965956432434702 |     1.3657704952744153 | 1.10622755195095507177 | 0.79359160605186335562 |     1.2503854502950017 | 1.13000729779484824730 |     1.7921745016217955
 able          | AAAAAAAACAAAAAAA |        5198 | 0.98316965956432434702 |     1.3657704952744153 | 1.10622755195095507177 | 0.79359160605186335562 |     1.2503854502950017 | 1.13000729779484824730 |     1.7921745016217955
 able          | AAAAAAAACAAAAAAA |        5198 | 0.98316965956432434702 |     1.3657704952744153 | 1.10622755195095507177 | 0.79359160605186335562 |     1.2503854502950017 | 1.13000729779484824730 |     1.7921745016217955
 able          | AAAAAAAACAAAAAAA |        5198 | 0.98316965956432434702 |     1.3657704952744153 | 1.10622755195095507177 | 0.79359160605186335562 |     1.2503854502950017 | 1.13000729779484824730 |     1.7921745016217955
 able          | AAAAAAAACAAAAAAA |        5198 | 0.98316965956432434702 |     1.3657704952744153 | 1.10622755195095507177 | 0.79359160605186335562 |     1.2503854502950017 | 1.13000729779484824730 |     1.7921745016217955
 able          | AAAAAAAACAAAAAAA |        5198 | 0.98316965956432434702 |     1.3657704952744153 | 1.10622755195095507177 | 0.79359160605186335562 |     1.2503854502950017 | 1.13000729779484824730 |     1.7921745016217955
 able          | AAAAAAAACAAAAAAA |        5198 | 0.98316965956432434702 |     1.3657704952744153 | 1.10622755195095507177 | 0.79359160605186335562 |     1.2503854502950017 | 1.13000729779484824730 |     1.7921745016217955
 able          | AAAAAAAACAAAAAAA |        5198 | 0.98316965956432434702 |     1.3657704952744153 | 1.10622755195095507177 | 0.79359160605186335562 |     1.2503854502950017 | 1.13000729779484824730 |     1.7921745016217955
 able          | AAAAAAAACAAAAAAA |        5198 | 0.98316965956432434702 |     1.3657704952744153 | 1.10622755195095507177 | 0.79359160605186335562 |     1.2503854502950017 | 1.13000729779484824730 |     1.7921745016217955
 able          | AAAAAAAACAAAAAAA |        5198 | 0.98316965956432434702 |     1.3657704952744153 | 1.10622755195095507177 | 0.79359160605186335562 |     1.2503854502950017 | 1.13000729779484824730 |     1.7921745016217955
 able          | AAAAAAAACAAAAAAA |        5198 | 0.98316965956432434702 |     1.3657704952744153 | 1.10622755195095507177 | 0.79359160605186335562 |     1.2503854502950017 | 1.13000729779484824730 |     1.7921745016217955
 able          | AAAAAAAACAAAAAAA |        5198 | 0.98316965956432434702 |     1.3657704952744153 | 1.10622755195095507177 | 0.79359160605186335562 |     1.2503854502950017 | 1.13000729779484824730 |     1.7921745016217955
 able          | AAAAAAAACAAAAAAA |        5198 | 0.98316965956432434702 |     1.3657704952744153 | 1.10622755195095507177 | 0.79359160605186335562 |     1.2503854502950017 | 1.13000729779484824730 |     1.7921745016217955
 able          | AAAAAAAACAAAAAAA |        5198 | 0.98316965956432434702 |     1.3657704952744153 | 1.10622755195095507177 | 0.79359160605186335562 |     1.2503854502950017 | 1.13000729779484824730 |     1.7921745016217955
 able          | AAAAAAAACAAAAAAA |        5198 | 0.98316965956432434702 |     1.3657704952744153 | 1.10622755195095507177 | 0.79359160605186335562 |     1.2503854502950017 | 1.13000729779484824730 |     1.7921745016217955
 able          | AAAAAAAACAAAAAAA |        5198 | 0.98316965956432434702 |     1.3657704952744153 | 1.10622755195095507177 | 0.79359160605186335562 |     1.2503854502950017 | 1.13000729779484824730 |     1.7921745016217955
 able          | AAAAAAAACAAAAAAA |        5198 | 0.98316965956432434702 |     1.3657704952744153 | 1.10622755195095507177 | 0.79359160605186335562 |     1.2503854502950017 | 1.13000729779484824730 |     1.7921745016217955
 able          | AAAAAAAACAAAAAAA |        5199 | 0.68767232109469631231 |     1.3196215602251020 | 0.93085710508446057605 | 0.92160993190693237678 | 1.21837942427251638911 |     1.8434143805854786 | 0.83585269805416013041
 able          | AAAAAAAACAAAAAAA |        5199 | 0.68767232109469631231 |     1.3196215602251020 | 0.93085710508446057605 | 0.92160993190693237678 | 1.21837942427251638911 |     1.8434143805854786 | 0.83585269805416013041
(100 rows)

